INSERT INTO `releves` (`id`, `BBRHCJB`, `BBRHPJB`, `BBRHCJW`, `BBRHPJW`, `BBRHCJR`, `BBRHPJR`, `PAPP`, `PTEC`, `DATE`) VALUES
(696, 18381885, 8337964, 0, 0, 0, 0, 4420, 'HCJB', '2022-11-03 21:56:08'),
(697, 18381887, 8337964, 0, 0, 0, 0, 4420, 'HCJB', '2022-11-03 21:57:08'),
(698, 18381890, 8337964, 0, 0, 0, 0, 4420, 'HCJB', '2022-11-03 21:58:09'),
(699, 18383090, 8337964, 0, 0, 0, 0, 4410, 'HCJB', '2022-11-03 22:01:09'),
(700, 18383093, 8337964, 0, 0, 0, 0, 4420, 'HCJB', '2022-11-03 22:02:09'),
(701, 18383095, 8337964, 0, 0, 0, 0, 4420, 'HCJB', '2022-11-03 22:03:09'),
(702, 18383099, 8337964, 0, 0, 0, 0, 4390, 'HCJB', '2022-11-03 22:04:10'),
(703, 18383101, 8337964, 0, 0, 0, 0, 4400, 'HCJB', '2022-11-03 22:05:10'),
(704, 18383104, 8337964, 0, 0, 0, 0, 4400, 'HCJB', '2022-11-03 22:06:10'),
(705, 18383107, 8337964, 0, 0, 0, 0, 4360, 'HCJB', '2022-11-03 22:07:10'),
(706, 18383110, 8337964, 0, 0, 0, 0, 4350, 'HCJB', '2022-11-03 22:08:10'),
(707, 18383112, 8337964, 0, 0, 0, 0, 4360, 'HCJB', '2022-11-03 22:09:10'),
(708, 18383116, 8337964, 0, 0, 0, 0, 4410, 'HCJB', '2022-11-03 22:10:10'),
(709, 18383118, 8337964, 0, 0, 0, 0, 4410, 'HCJB', '2022-11-03 22:11:10'),
(710, 18383121, 8337964, 0, 0, 0, 0, 4440, 'HCJB', '2022-11-03 22:12:10'),
(711, 18383124, 8337964, 0, 0, 0, 0, 4420, 'HCJB', '2022-11-03 22:13:10'),
(712, 18383127, 8337964, 0, 0, 0, 0, 4420, 'HCJB', '2022-11-03 22:14:11'),
(713, 18383129, 8337964, 0, 0, 0, 0, 4420, 'HCJB', '2022-11-03 22:15:11'),
(714, 18384296, 8337964, 0, 0, 0, 0, 4360, 'HCJB', '2022-11-03 22:18:09'),
(715, 18384298, 8337964, 0, 0, 0, 0, 4380, 'HCJB', '2022-11-03 22:19:09'),
(716, 18384301, 8337964, 0, 0, 0, 0, 4380, 'HCJB', '2022-11-03 22:20:09'),
(717, 18384303, 8337964, 0, 0, 0, 0, 4380, 'HCJB', '2022-11-03 22:21:09'),
(718, 18384307, 8337964, 0, 0, 0, 0, 4350, 'HCJB', '2022-11-03 22:22:09'),
(719, 18384309, 8337964, 0, 0, 0, 0, 4350, 'HCJB', '2022-11-03 22:23:10'),
(720, 18384312, 8337964, 0, 0, 0, 0, 4340, 'HCJB', '2022-11-03 22:24:10'),
(721, 18384315, 8337964, 0, 0, 0, 0, 4340, 'HCJB', '2022-11-03 22:25:10'),
(722, 18384318, 8337964, 0, 0, 0, 0, 4280, 'HCJB', '2022-11-03 22:26:10'),
(723, 18384320, 8337964, 0, 0, 0, 0, 4290, 'HCJB', '2022-11-03 22:27:10'),
(724, 18384323, 8337964, 0, 0, 0, 0, 4310, 'HCJB', '2022-11-03 22:28:10'),
(725, 18384326, 8337964, 0, 0, 0, 0, 4320, 'HCJB', '2022-11-03 22:29:10'),
(726, 18384328, 8337964, 0, 0, 0, 0, 4320, 'HCJB', '2022-11-03 22:30:10'),
(727, 18384332, 8337964, 0, 0, 0, 0, 4330, 'HCJB', '2022-11-03 22:31:10'),
(728, 18384334, 8337964, 0, 0, 0, 0, 4360, 'HCJB', '2022-11-03 22:32:10'),
(729, 18385299, 8337964, 0, 0, 0, 0, 3010, 'HCJB', '2022-11-03 22:35:09'),
(730, 18385301, 8337964, 0, 0, 0, 0, 3000, 'HCJB', '2022-11-03 22:36:09'),
(731, 18385303, 8337964, 0, 0, 0, 0, 3020, 'HCJB', '2022-11-03 22:37:09'),
(732, 18385304, 8337964, 0, 0, 0, 0, 3030, 'HCJB', '2022-11-03 22:38:09'),
(733, 18385307, 8337964, 0, 0, 0, 0, 3040, 'HCJB', '2022-11-03 22:39:09'),
(734, 18385309, 8337964, 0, 0, 0, 0, 3030, 'HCJB', '2022-11-03 22:40:09'),
(735, 18385310, 8337964, 0, 0, 0, 0, 3040, 'HCJB', '2022-11-03 22:41:09'),
(736, 18385313, 8337964, 0, 0, 0, 0, 3040, 'HCJB', '2022-11-03 22:42:10'),
(737, 18385314, 8337964, 0, 0, 0, 0, 3040, 'HCJB', '2022-11-03 22:43:10'),
(738, 18385316, 8337964, 0, 0, 0, 0, 3010, 'HCJB', '2022-11-03 22:44:10'),
(739, 18385319, 8337964, 0, 0, 0, 0, 3020, 'HCJB', '2022-11-03 22:45:10'),
(740, 18385320, 8337964, 0, 0, 0, 0, 3020, 'HCJB', '2022-11-03 22:46:10'),
(741, 18385322, 8337964, 0, 0, 0, 0, 3020, 'HCJB', '2022-11-03 22:47:10'),
(742, 18385324, 8337964, 0, 0, 0, 0, 3000, 'HCJB', '2022-11-03 22:48:10'),
(743, 18385326, 8337964, 0, 0, 0, 0, 3000, 'HCJB', '2022-11-03 22:49:10'),
(744, 18386127, 8337964, 0, 0, 0, 0, 2960, 'HCJB', '2022-11-03 22:52:09'),
(745, 18386129, 8337964, 0, 0, 0, 0, 2960, 'HCJB', '2022-11-03 22:53:09'),
(746, 18386131, 8337964, 0, 0, 0, 0, 2970, 'HCJB', '2022-11-03 22:54:09'),
(747, 18386133, 8337964, 0, 0, 0, 0, 2970, 'HCJB', '2022-11-03 22:55:09'),
(748, 18386134, 8337964, 0, 0, 0, 0, 2970, 'HCJB', '2022-11-03 22:56:09'),
(749, 18386137, 8337964, 0, 0, 0, 0, 2980, 'HCJB', '2022-11-03 22:57:09'),
(750, 18386138, 8337964, 0, 0, 0, 0, 2980, 'HCJB', '2022-11-03 22:58:09'),
(751, 18386140, 8337964, 0, 0, 0, 0, 2980, 'HCJB', '2022-11-03 22:59:09'),
(752, 18386143, 8337964, 0, 0, 0, 0, 2980, 'HCJB', '2022-11-03 23:00:09'),
(753, 18386144, 8337964, 0, 0, 0, 0, 2960, 'HCJB', '2022-11-03 23:01:10'),
(754, 18386146, 8337964, 0, 0, 0, 0, 2950, 'HCJB', '2022-11-03 23:02:10'),
(755, 18386148, 8337964, 0, 0, 0, 0, 2950, 'HCJB', '2022-11-03 23:03:10'),
(756, 18386150, 8337964, 0, 0, 0, 0, 2970, 'HCJB', '2022-11-03 23:04:10'),
(757, 18386151, 8337964, 0, 0, 0, 0, 2970, 'HCJB', '2022-11-03 23:05:10'),
(758, 18386154, 8337964, 0, 0, 0, 0, 2970, 'HCJB', '2022-11-03 23:06:10'),
(759, 18386961, 8337964, 0, 0, 0, 0, 3020, 'HCJB', '2022-11-03 23:09:08'),
(760, 18386963, 8337964, 0, 0, 0, 0, 3020, 'HCJB', '2022-11-03 23:10:08'),
(761, 18386965, 8337964, 0, 0, 0, 0, 3000, 'HCJB', '2022-11-03 23:11:09'),
(762, 18386967, 8337964, 0, 0, 0, 0, 2990, 'HCJB', '2022-11-03 23:12:09'),
(763, 18386969, 8337964, 0, 0, 0, 0, 2990, 'HCJB', '2022-11-03 23:13:09'),
(764, 18386970, 8337964, 0, 0, 0, 0, 2990, 'HCJB', '2022-11-03 23:14:09'),
(765, 18386973, 8337964, 0, 0, 0, 0, 2990, 'HCJB', '2022-11-03 23:15:09'),
(766, 18386974, 8337964, 0, 0, 0, 0, 2990, 'HCJB', '2022-11-03 23:16:09'),
(767, 18386976, 8337964, 0, 0, 0, 0, 2990, 'HCJB', '2022-11-03 23:17:09'),
(768, 18386979, 8337964, 0, 0, 0, 0, 2980, 'HCJB', '2022-11-03 23:18:09'),
(769, 18386980, 8337964, 0, 0, 0, 0, 2970, 'HCJB', '2022-11-03 23:19:09'),
(770, 18386982, 8337964, 0, 0, 0, 0, 2990, 'HCJB', '2022-11-03 23:20:09'),
(771, 18386984, 8337964, 0, 0, 0, 0, 3030, 'HCJB', '2022-11-03 23:21:10'),
(772, 18386986, 8337964, 0, 0, 0, 0, 3040, 'HCJB', '2022-11-03 23:22:10'),
(773, 18386988, 8337964, 0, 0, 0, 0, 3020, 'HCJB', '2022-11-03 23:23:10'),
(774, 18387797, 8337964, 0, 0, 0, 0, 3020, 'HCJB', '2022-11-03 23:26:08'),
(775, 18387799, 8337964, 0, 0, 0, 0, 3020, 'HCJB', '2022-11-03 23:27:08'),
(776, 18387800, 8337964, 0, 0, 0, 0, 3020, 'HCJB', '2022-11-03 23:28:08'),
(777, 18387803, 8337964, 0, 0, 0, 0, 3040, 'HCJB', '2022-11-03 23:29:08'),
(778, 18387805, 8337964, 0, 0, 0, 0, 3050, 'HCJB', '2022-11-03 23:30:08'),
(779, 18387806, 8337964, 0, 0, 0, 0, 3040, 'HCJB', '2022-11-03 23:31:09'),
(780, 18387809, 8337964, 0, 0, 0, 0, 3020, 'HCJB', '2022-11-03 23:32:09'),
(781, 18387810, 8337964, 0, 0, 0, 0, 3010, 'HCJB', '2022-11-03 23:33:09'),
(782, 18387812, 8337964, 0, 0, 0, 0, 3000, 'HCJB', '2022-11-03 23:34:09'),
(783, 18387814, 8337964, 0, 0, 0, 0, 2980, 'HCJB', '2022-11-03 23:35:09'),
(784, 18387816, 8337964, 0, 0, 0, 0, 2960, 'HCJB', '2022-11-03 23:36:09'),
(785, 18387818, 8337964, 0, 0, 0, 0, 2940, 'HCJB', '2022-11-03 23:37:09'),
(786, 18387820, 8337964, 0, 0, 0, 0, 2990, 'HCJB', '2022-11-03 23:38:09'),
(787, 18387822, 8337964, 0, 0, 0, 0, 2980, 'HCJB', '2022-11-03 23:39:09'),
(788, 18387823, 8337964, 0, 0, 0, 0, 2990, 'HCJB', '2022-11-03 23:40:10'),
(789, 18388640, 8337964, 0, 0, 0, 0, 3000, 'HCJB', '2022-11-03 23:43:08'),
(790, 18388642, 8337964, 0, 0, 0, 0, 3010, 'HCJB', '2022-11-03 23:44:08'),
(791, 18388644, 8337964, 0, 0, 0, 0, 3010, 'HCJB', '2022-11-03 23:45:08'),
(792, 18388645, 8337964, 0, 0, 0, 0, 3010, 'HCJB', '2022-11-03 23:46:08'),
(793, 18388648, 8337964, 0, 0, 0, 0, 3040, 'HCJB', '2022-11-03 23:47:08'),
(794, 18388650, 8337964, 0, 0, 0, 0, 3040, 'HCJB', '2022-11-03 23:48:08'),
(795, 18388651, 8337964, 0, 0, 0, 0, 3040, 'HCJB', '2022-11-03 23:49:09'),
(796, 18388654, 8337964, 0, 0, 0, 0, 3040, 'HCJB', '2022-11-03 23:50:09'),
(797, 18388655, 8337964, 0, 0, 0, 0, 3040, 'HCJB', '2022-11-03 23:51:09'),
(798, 18388657, 8337964, 0, 0, 0, 0, 3040, 'HCJB', '2022-11-03 23:52:09'),
(799, 18388660, 8337964, 0, 0, 0, 0, 3010, 'HCJB', '2022-11-03 23:53:09'),
(800, 18388661, 8337964, 0, 0, 0, 0, 3010, 'HCJB', '2022-11-03 23:54:09'),
(801, 18388663, 8337964, 0, 0, 0, 0, 3010, 'HCJB', '2022-11-03 23:55:09'),
(802, 18388665, 8337964, 0, 0, 0, 0, 3030, 'HCJB', '2022-11-03 23:56:09'),
(803, 18388667, 8337964, 0, 0, 0, 0, 3020, 'HCJB', '2022-11-03 23:57:09'),
(804, 18389072, 8337964, 0, 0, 0, 0, 510, 'HCJB', '2022-11-04 00:00:08'),
(805, 18389072, 8337964, 0, 0, 0, 0, 510, 'HCJB', '2022-11-04 00:01:08'),
(806, 18389072, 8337964, 0, 0, 0, 0, 510, 'HCJB', '2022-11-04 00:02:08'),
(807, 18389072, 8337964, 0, 0, 0, 0, 520, 'HCJB', '2022-11-04 00:03:08'),
(808, 18389072, 8337964, 0, 0, 0, 0, 520, 'HCJB', '2022-11-04 00:04:08'),
(809, 18389073, 8337964, 0, 0, 0, 0, 520, 'HCJB', '2022-11-04 00:05:08'),
(810, 18389073, 8337964, 0, 0, 0, 0, 520, 'HCJB', '2022-11-04 00:06:08'),
(811, 18389073, 8337964, 0, 0, 0, 0, 520, 'HCJB', '2022-11-04 00:07:08'),
(812, 18389073, 8337964, 0, 0, 0, 0, 520, 'HCJB', '2022-11-04 00:08:08'),
(813, 18389073, 8337964, 0, 0, 0, 0, 520, 'HCJB', '2022-11-04 00:09:09'),
(814, 18389073, 8337964, 0, 0, 0, 0, 520, 'HCJB', '2022-11-04 00:10:09'),
(815, 18389073, 8337964, 0, 0, 0, 0, 520, 'HCJB', '2022-11-04 00:11:09'),
(816, 18389073, 8337964, 0, 0, 0, 0, 510, 'HCJB', '2022-11-04 00:12:09'),
(817, 18389074, 8337964, 0, 0, 0, 0, 520, 'HCJB', '2022-11-04 00:13:09'),
(818, 18389074, 8337964, 0, 0, 0, 0, 520, 'HCJB', '2022-11-04 00:14:09'),
(819, 18389100, 8337964, 0, 0, 0, 0, 480, 'HCJB', '2022-11-04 00:17:08'),
(820, 18389100, 8337964, 0, 0, 0, 0, 480, 'HCJB', '2022-11-04 00:18:08'),
(821, 18389100, 8337964, 0, 0, 0, 0, 480, 'HCJB', '2022-11-04 00:19:08'),
(822, 18389100, 8337964, 0, 0, 0, 0, 470, 'HCJB', '2022-11-04 00:20:08'),
(823, 18389100, 8337964, 0, 0, 0, 0, 480, 'HCJB', '2022-11-04 00:21:08'),
(824, 18389100, 8337964, 0, 0, 0, 0, 480, 'HCJB', '2022-11-04 00:22:08'),
(825, 18389100, 8337964, 0, 0, 0, 0, 480, 'HCJB', '2022-11-04 00:23:08'),
(826, 18389100, 8337964, 0, 0, 0, 0, 480, 'HCJB', '2022-11-04 00:24:08'),
(827, 18389100, 8337964, 0, 0, 0, 0, 480, 'HCJB', '2022-11-04 00:25:08'),
(828, 18389100, 8337964, 0, 0, 0, 0, 480, 'HCJB', '2022-11-04 00:26:08'),
(829, 18389100, 8337964, 0, 0, 0, 0, 470, 'HCJB', '2022-11-04 00:27:08'),
(830, 18389100, 8337964, 0, 0, 0, 0, 470, 'HCJB', '2022-11-04 00:28:09'),
(831, 18389100, 8337964, 0, 0, 0, 0, 480, 'HCJB', '2022-11-04 00:29:09'),
(832, 18389100, 8337964, 0, 0, 0, 0, 480, 'HCJB', '2022-11-04 00:30:09'),
(833, 18389100, 8337964, 0, 0, 0, 0, 480, 'HCJB', '2022-11-04 00:31:09'),
(834, 18389125, 8337964, 0, 0, 0, 0, 500, 'HCJB', '2022-11-04 00:34:10'),
(835, 18389125, 8337964, 0, 0, 0, 0, 500, 'HCJB', '2022-11-04 00:35:10'),
(836, 18389125, 8337964, 0, 0, 0, 0, 500, 'HCJB', '2022-11-04 00:36:10'),
(837, 18389125, 8337964, 0, 0, 0, 0, 500, 'HCJB', '2022-11-04 00:37:10'),
(838, 18389125, 8337964, 0, 0, 0, 0, 500, 'HCJB', '2022-11-04 00:38:10'),
(839, 18389125, 8337964, 0, 0, 0, 0, 510, 'HCJB', '2022-11-04 00:39:10'),
(840, 18389125, 8337964, 0, 0, 0, 0, 500, 'HCJB', '2022-11-04 00:40:10'),
(841, 18389125, 8337964, 0, 0, 0, 0, 500, 'HCJB', '2022-11-04 00:41:10'),
(842, 18389125, 8337964, 0, 0, 0, 0, 500, 'HCJB', '2022-11-04 00:42:10'),
(843, 18389126, 8337964, 0, 0, 0, 0, 500, 'HCJB', '2022-11-04 00:43:10'),
(844, 18389126, 8337964, 0, 0, 0, 0, 500, 'HCJB', '2022-11-04 00:44:11'),
(845, 18389126, 8337964, 0, 0, 0, 0, 500, 'HCJB', '2022-11-04 00:45:11'),
(846, 18389126, 8337964, 0, 0, 0, 0, 500, 'HCJB', '2022-11-04 00:46:11'),
(847, 18389126, 8337964, 0, 0, 0, 0, 500, 'HCJB', '2022-11-04 00:47:11'),
(848, 18389126, 8337964, 0, 0, 0, 0, 500, 'HCJB', '2022-11-04 00:48:11'),
(849, 18389699, 8337964, 0, 0, 0, 0, 530, 'HCJB', '2022-11-04 00:51:09'),
(850, 18389699, 8337964, 0, 0, 0, 0, 520, 'HCJB', '2022-11-04 00:52:09'),
(851, 18389699, 8337964, 0, 0, 0, 0, 520, 'HCJB', '2022-11-04 00:53:10'),
(852, 18389699, 8337964, 0, 0, 0, 0, 520, 'HCJB', '2022-11-04 00:54:10'),
(853, 18389699, 8337964, 0, 0, 0, 0, 520, 'HCJB', '2022-11-04 00:55:10'),
(854, 18389699, 8337964, 0, 0, 0, 0, 530, 'HCJB', '2022-11-04 00:56:10'),
(855, 18389700, 8337964, 0, 0, 0, 0, 530, 'HCJB', '2022-11-04 00:57:10'),
(856, 18389700, 8337964, 0, 0, 0, 0, 530, 'HCJB', '2022-11-04 00:58:10'),
(857, 18389700, 8337964, 0, 0, 0, 0, 530, 'HCJB', '2022-11-04 00:59:10'),
(858, 18389700, 8337964, 0, 0, 0, 0, 530, 'HCJB', '2022-11-04 01:00:10'),
(859, 18389700, 8337964, 0, 0, 0, 0, 530, 'HCJB', '2022-11-04 01:01:10'),
(860, 18389700, 8337964, 0, 0, 0, 0, 520, 'HCJB', '2022-11-04 01:02:10'),
(861, 18389700, 8337964, 0, 0, 0, 0, 520, 'HCJB', '2022-11-04 01:03:11'),
(862, 18389700, 8337964, 0, 0, 0, 0, 530, 'HCJB', '2022-11-04 01:04:11'),
(863, 18389701, 8337964, 0, 0, 0, 0, 530, 'HCJB', '2022-11-04 01:05:11'),
(864, 18389736, 8337964, 0, 0, 0, 0, 490, 'HCJB', '2022-11-04 01:08:09'),
(865, 18389736, 8337964, 0, 0, 0, 0, 490, 'HCJB', '2022-11-04 01:09:09'),
(866, 18389736, 8337964, 0, 0, 0, 0, 500, 'HCJB', '2022-11-04 01:10:09'),
(867, 18389736, 8337964, 0, 0, 0, 0, 490, 'HCJB', '2022-11-04 01:11:09'),
(868, 18389736, 8337964, 0, 0, 0, 0, 490, 'HCJB', '2022-11-04 01:12:10'),
(869, 18389736, 8337964, 0, 0, 0, 0, 490, 'HCJB', '2022-11-04 01:13:10'),
(870, 18389736, 8337964, 0, 0, 0, 0, 490, 'HCJB', '2022-11-04 01:14:10'),
(871, 18389736, 8337964, 0, 0, 0, 0, 490, 'HCJB', '2022-11-04 01:15:10'),
(872, 18389736, 8337964, 0, 0, 0, 0, 500, 'HCJB', '2022-11-04 01:16:10'),
(873, 18389736, 8337964, 0, 0, 0, 0, 500, 'HCJB', '2022-11-04 01:17:10'),
(874, 18389736, 8337964, 0, 0, 0, 0, 500, 'HCJB', '2022-11-04 01:18:10'),
(875, 18389736, 8337964, 0, 0, 0, 0, 490, 'HCJB', '2022-11-04 01:19:10'),
(876, 18389737, 8337964, 0, 0, 0, 0, 490, 'HCJB', '2022-11-04 01:20:10'),
(877, 18389737, 8337964, 0, 0, 0, 0, 500, 'HCJB', '2022-11-04 01:21:10'),
(878, 18389737, 8337964, 0, 0, 0, 0, 500, 'HCJB', '2022-11-04 01:22:11'),
(879, 18389759, 8337964, 0, 0, 0, 0, 480, 'HCJB', '2022-11-04 01:25:09'),
(880, 18389759, 8337964, 0, 0, 0, 0, 480, 'HCJB', '2022-11-04 01:26:09'),
(881, 18389759, 8337964, 0, 0, 0, 0, 480, 'HCJB', '2022-11-04 01:27:09'),
(882, 18389759, 8337964, 0, 0, 0, 0, 480, 'HCJB', '2022-11-04 01:28:09'),
(883, 18389759, 8337964, 0, 0, 0, 0, 480, 'HCJB', '2022-11-04 01:29:09'),
(884, 18389759, 8337964, 0, 0, 0, 0, 480, 'HCJB', '2022-11-04 01:30:09'),
(885, 18389759, 8337964, 0, 0, 0, 0, 480, 'HCJB', '2022-11-04 01:31:09'),
(886, 18389759, 8337964, 0, 0, 0, 0, 480, 'HCJB', '2022-11-04 01:32:10'),
(887, 18389760, 8337964, 0, 0, 0, 0, 470, 'HCJB', '2022-11-04 01:33:10'),
(888, 18389760, 8337964, 0, 0, 0, 0, 480, 'HCJB', '2022-11-04 01:34:10'),
(889, 18389760, 8337964, 0, 0, 0, 0, 480, 'HCJB', '2022-11-04 01:35:10'),
(890, 18389760, 8337964, 0, 0, 0, 0, 480, 'HCJB', '2022-11-04 01:36:10'),
(891, 18389760, 8337964, 0, 0, 0, 0, 480, 'HCJB', '2022-11-04 01:37:10'),
(892, 18389760, 8337964, 0, 0, 0, 0, 480, 'HCJB', '2022-11-04 01:38:10'),
(893, 18389760, 8337964, 0, 0, 0, 0, 480, 'HCJB', '2022-11-04 01:39:10'),
(894, 18389798, 8337964, 0, 0, 0, 0, 530, 'HCJB', '2022-11-04 01:42:09'),
(895, 18389798, 8337964, 0, 0, 0, 0, 530, 'HCJB', '2022-11-04 01:43:09'),
(896, 18389798, 8337964, 0, 0, 0, 0, 510, 'HCJB', '2022-11-04 01:44:09'),
(897, 18389798, 8337964, 0, 0, 0, 0, 510, 'HCJB', '2022-11-04 01:45:09'),
(898, 18389798, 8337964, 0, 0, 0, 0, 510, 'HCJB', '2022-11-04 01:46:09'),
(899, 18389799, 8337964, 0, 0, 0, 0, 510, 'HCJB', '2022-11-04 01:47:09'),
(900, 18389799, 8337964, 0, 0, 0, 0, 500, 'HCJB', '2022-11-04 01:48:09'),
(901, 18389799, 8337964, 0, 0, 0, 0, 500, 'HCJB', '2022-11-04 01:49:09'),
(902, 18389799, 8337964, 0, 0, 0, 0, 500, 'HCJB', '2022-11-04 01:50:09'),
(903, 18389799, 8337964, 0, 0, 0, 0, 500, 'HCJB', '2022-11-04 01:51:10'),
(904, 18389799, 8337964, 0, 0, 0, 0, 500, 'HCJB', '2022-11-04 01:52:10'),
(905, 18389799, 8337964, 0, 0, 0, 0, 500, 'HCJB', '2022-11-04 01:53:10'),
(906, 18389799, 8337964, 0, 0, 0, 0, 500, 'HCJB', '2022-11-04 01:54:10'),
(907, 18389799, 8337964, 0, 0, 0, 0, 500, 'HCJB', '2022-11-04 01:55:10'),
(908, 18389799, 8337964, 0, 0, 0, 0, 500, 'HCJB', '2022-11-04 01:56:10'),
(909, 18390214, 8337964, 0, 0, 0, 0, 500, 'HCJB', '2022-11-04 01:59:09'),
(910, 18390215, 8337964, 0, 0, 0, 0, 500, 'HCJB', '2022-11-04 02:00:09'),
(911, 18390215, 8337964, 0, 0, 0, 0, 500, 'HCJB', '2022-11-04 02:01:09'),
(912, 18390215, 8337964, 0, 0, 0, 0, 510, 'HCJB', '2022-11-04 02:02:09'),
(913, 18390215, 8337964, 0, 0, 0, 0, 510, 'HCJB', '2022-11-04 02:03:09'),
(914, 18390215, 8337964, 0, 0, 0, 0, 510, 'HCJB', '2022-11-04 02:04:09'),
(915, 18390215, 8337964, 0, 0, 0, 0, 510, 'HCJB', '2022-11-04 02:05:09'),
(916, 18390215, 8337964, 0, 0, 0, 0, 510, 'HCJB', '2022-11-04 02:06:09'),
(917, 18390215, 8337964, 0, 0, 0, 0, 510, 'HCJB', '2022-11-04 02:07:09'),
(918, 18390215, 8337964, 0, 0, 0, 0, 500, 'HCJB', '2022-11-04 02:08:09'),
(919, 18390215, 8337964, 0, 0, 0, 0, 500, 'HCJB', '2022-11-04 02:09:09'),
(920, 18390215, 8337964, 0, 0, 0, 0, 500, 'HCJB', '2022-11-04 02:10:10'),
(921, 18390215, 8337964, 0, 0, 0, 0, 500, 'HCJB', '2022-11-04 02:11:10'),
(922, 18390215, 8337964, 0, 0, 0, 0, 500, 'HCJB', '2022-11-04 02:12:10'),
(923, 18390216, 8337964, 0, 0, 0, 0, 500, 'HCJB', '2022-11-04 02:13:10'),
(924, 18390248, 8337964, 0, 0, 0, 0, 490, 'HCJB', '2022-11-04 02:16:08'),
(925, 18390248, 8337964, 0, 0, 0, 0, 490, 'HCJB', '2022-11-04 02:17:08'),
(926, 18390248, 8337964, 0, 0, 0, 0, 490, 'HCJB', '2022-11-04 02:18:08'),
(927, 18390248, 8337964, 0, 0, 0, 0, 490, 'HCJB', '2022-11-04 02:19:09'),
(928, 18390248, 8337964, 0, 0, 0, 0, 490, 'HCJB', '2022-11-04 02:20:09'),
(929, 18390248, 8337964, 0, 0, 0, 0, 490, 'HCJB', '2022-11-04 02:21:09'),
(930, 18390248, 8337964, 0, 0, 0, 0, 490, 'HCJB', '2022-11-04 02:22:09'),
(931, 18390248, 8337964, 0, 0, 0, 0, 490, 'HCJB', '2022-11-04 02:23:09'),
(932, 18390248, 8337964, 0, 0, 0, 0, 490, 'HCJB', '2022-11-04 02:24:09'),
(933, 18390248, 8337964, 0, 0, 0, 0, 490, 'HCJB', '2022-11-04 02:25:09'),
(934, 18390249, 8337964, 0, 0, 0, 0, 490, 'HCJB', '2022-11-04 02:26:09'),
(935, 18390249, 8337964, 0, 0, 0, 0, 490, 'HCJB', '2022-11-04 02:27:09'),
(936, 18390249, 8337964, 0, 0, 0, 0, 490, 'HCJB', '2022-11-04 02:28:09'),
(937, 18390249, 8337964, 0, 0, 0, 0, 490, 'HCJB', '2022-11-04 02:29:10'),
(938, 18390249, 8337964, 0, 0, 0, 0, 490, 'HCJB', '2022-11-04 02:30:10'),
(939, 18390288, 8337964, 0, 0, 0, 0, 480, 'HCJB', '2022-11-04 02:33:08'),
(940, 18390288, 8337964, 0, 0, 0, 0, 480, 'HCJB', '2022-11-04 02:34:08'),
(941, 18390288, 8337964, 0, 0, 0, 0, 480, 'HCJB', '2022-11-04 02:35:08'),
(942, 18390288, 8337964, 0, 0, 0, 0, 480, 'HCJB', '2022-11-04 02:36:08'),
(943, 18390288, 8337964, 0, 0, 0, 0, 480, 'HCJB', '2022-11-04 02:37:08'),
(944, 18390288, 8337964, 0, 0, 0, 0, 480, 'HCJB', '2022-11-04 02:38:09'),
(945, 18390288, 8337964, 0, 0, 0, 0, 480, 'HCJB', '2022-11-04 02:39:09'),
(946, 18390288, 8337964, 0, 0, 0, 0, 480, 'HCJB', '2022-11-04 02:40:09'),
(947, 18390288, 8337964, 0, 0, 0, 0, 480, 'HCJB', '2022-11-04 02:41:09'),
(948, 18390288, 8337964, 0, 0, 0, 0, 480, 'HCJB', '2022-11-04 02:42:09'),
(949, 18390288, 8337964, 0, 0, 0, 0, 480, 'HCJB', '2022-11-04 02:43:09'),
(950, 18390288, 8337964, 0, 0, 0, 0, 480, 'HCJB', '2022-11-04 02:44:09'),
(951, 18390288, 8337964, 0, 0, 0, 0, 480, 'HCJB', '2022-11-04 02:45:09'),
(952, 18390288, 8337964, 0, 0, 0, 0, 480, 'HCJB', '2022-11-04 02:46:09'),
(953, 18390288, 8337964, 0, 0, 0, 0, 480, 'HCJB', '2022-11-04 02:47:09'),
(954, 18390309, 8337964, 0, 0, 0, 0, 500, 'HCJB', '2022-11-04 02:50:08'),
(955, 18390309, 8337964, 0, 0, 0, 0, 500, 'HCJB', '2022-11-04 02:51:08'),
(956, 18390309, 8337964, 0, 0, 0, 0, 500, 'HCJB', '2022-11-04 02:52:08'),
(957, 18390310, 8337964, 0, 0, 0, 0, 500, 'HCJB', '2022-11-04 02:53:08'),
(958, 18390310, 8337964, 0, 0, 0, 0, 500, 'HCJB', '2022-11-04 02:54:08'),
(959, 18390310, 8337964, 0, 0, 0, 0, 500, 'HCJB', '2022-11-04 02:55:08'),
(960, 18390310, 8337964, 0, 0, 0, 0, 500, 'HCJB', '2022-11-04 02:56:08'),
(961, 18390310, 8337964, 0, 0, 0, 0, 500, 'HCJB', '2022-11-04 02:57:09'),
(962, 18390310, 8337964, 0, 0, 0, 0, 500, 'HCJB', '2022-11-04 02:58:09'),
(963, 18390310, 8337964, 0, 0, 0, 0, 500, 'HCJB', '2022-11-04 02:59:09'),
(964, 18390310, 8337964, 0, 0, 0, 0, 500, 'HCJB', '2022-11-04 03:00:09'),
(965, 18390310, 8337964, 0, 0, 0, 0, 500, 'HCJB', '2022-11-04 03:01:09'),
(966, 18390310, 8337964, 0, 0, 0, 0, 490, 'HCJB', '2022-11-04 03:02:09'),
(967, 18390310, 8337964, 0, 0, 0, 0, 490, 'HCJB', '2022-11-04 03:03:09'),
(968, 18390310, 8337964, 0, 0, 0, 0, 490, 'HCJB', '2022-11-04 03:04:09'),
(969, 18390638, 8337964, 0, 0, 0, 0, 490, 'HCJB', '2022-11-04 03:07:08'),
(970, 18390638, 8337964, 0, 0, 0, 0, 490, 'HCJB', '2022-11-04 03:08:08'),
(971, 18390638, 8337964, 0, 0, 0, 0, 500, 'HCJB', '2022-11-04 03:09:08'),
(972, 18390638, 8337964, 0, 0, 0, 0, 500, 'HCJB', '2022-11-04 03:10:08'),
(973, 18390638, 8337964, 0, 0, 0, 0, 500, 'HCJB', '2022-11-04 03:11:08'),
(974, 18390639, 8337964, 0, 0, 0, 0, 500, 'HCJB', '2022-11-04 03:12:08'),
(975, 18390639, 8337964, 0, 0, 0, 0, 500, 'HCJB', '2022-11-04 03:13:08'),
(976, 18390639, 8337964, 0, 0, 0, 0, 500, 'HCJB', '2022-11-04 03:14:08'),
(977, 18390639, 8337964, 0, 0, 0, 0, 500, 'HCJB', '2022-11-04 03:15:08'),
(978, 18390639, 8337964, 0, 0, 0, 0, 500, 'HCJB', '2022-11-04 03:16:09'),
(979, 18390639, 8337964, 0, 0, 0, 0, 490, 'HCJB', '2022-11-04 03:17:09'),
(980, 18390639, 8337964, 0, 0, 0, 0, 490, 'HCJB', '2022-11-04 03:18:09'),
(981, 18390639, 8337964, 0, 0, 0, 0, 490, 'HCJB', '2022-11-04 03:19:09'),
(982, 18390639, 8337964, 0, 0, 0, 0, 490, 'HCJB', '2022-11-04 03:20:09'),
(983, 18390639, 8337964, 0, 0, 0, 0, 490, 'HCJB', '2022-11-04 03:21:09'),
(984, 18390684, 8337964, 0, 0, 0, 0, 490, 'HCJB', '2022-11-04 03:24:07'),
(985, 18390684, 8337964, 0, 0, 0, 0, 500, 'HCJB', '2022-11-04 03:25:08'),
(986, 18390684, 8337964, 0, 0, 0, 0, 500, 'HCJB', '2022-11-04 03:26:08'),
(987, 18390684, 8337964, 0, 0, 0, 0, 490, 'HCJB', '2022-11-04 03:27:08'),
(988, 18390684, 8337964, 0, 0, 0, 0, 490, 'HCJB', '2022-11-04 03:28:08'),
(989, 18390684, 8337964, 0, 0, 0, 0, 500, 'HCJB', '2022-11-04 03:29:08'),
(990, 18390684, 8337964, 0, 0, 0, 0, 500, 'HCJB', '2022-11-04 03:30:08'),
(991, 18390684, 8337964, 0, 0, 0, 0, 500, 'HCJB', '2022-11-04 03:31:08'),
(992, 18390684, 8337964, 0, 0, 0, 0, 500, 'HCJB', '2022-11-04 03:32:08'),
(993, 18390684, 8337964, 0, 0, 0, 0, 500, 'HCJB', '2022-11-04 03:33:08'),
(994, 18390684, 8337964, 0, 0, 0, 0, 500, 'HCJB', '2022-11-04 03:34:08'),
(995, 18390684, 8337964, 0, 0, 0, 0, 500, 'HCJB', '2022-11-04 03:35:08'),
(996, 18390685, 8337964, 0, 0, 0, 0, 500, 'HCJB', '2022-11-04 03:36:09'),
(997, 18390685, 8337964, 0, 0, 0, 0, 490, 'HCJB', '2022-11-04 03:37:09'),
(998, 18390685, 8337964, 0, 0, 0, 0, 490, 'HCJB', '2022-11-04 03:38:09'),
(999, 18390714, 8337964, 0, 0, 0, 0, 480, 'HCJB', '2022-11-04 03:41:07'),
(1000, 18390714, 8337964, 0, 0, 0, 0, 480, 'HCJB', '2022-11-04 03:42:07'),
(1001, 18390714, 8337964, 0, 0, 0, 0, 470, 'HCJB', '2022-11-04 03:43:07'),
(1002, 18390714, 8337964, 0, 0, 0, 0, 470, 'HCJB', '2022-11-04 03:44:07'),
(1003, 18390714, 8337964, 0, 0, 0, 0, 470, 'HCJB', '2022-11-04 03:45:08'),
(1004, 18390714, 8337964, 0, 0, 0, 0, 480, 'HCJB', '2022-11-04 03:46:08'),
(1005, 18390714, 8337964, 0, 0, 0, 0, 480, 'HCJB', '2022-11-04 03:47:08'),
(1006, 18390714, 8337964, 0, 0, 0, 0, 470, 'HCJB', '2022-11-04 03:48:08'),
(1007, 18390714, 8337964, 0, 0, 0, 0, 470, 'HCJB', '2022-11-04 03:49:08'),
(1008, 18390714, 8337964, 0, 0, 0, 0, 470, 'HCJB', '2022-11-04 03:50:08'),
(1009, 18390714, 8337964, 0, 0, 0, 0, 480, 'HCJB', '2022-11-04 03:51:08'),
(1010, 18390715, 8337964, 0, 0, 0, 0, 480, 'HCJB', '2022-11-04 03:52:08'),
(1011, 18390715, 8337964, 0, 0, 0, 0, 480, 'HCJB', '2022-11-04 03:53:08'),
(1012, 18390715, 8337964, 0, 0, 0, 0, 480, 'HCJB', '2022-11-04 03:54:08'),
(1013, 18390715, 8337964, 0, 0, 0, 0, 480, 'HCJB', '2022-11-04 03:55:09'),
(1014, 18390735, 8337964, 0, 0, 0, 0, 480, 'HCJB', '2022-11-04 03:58:09'),
(1015, 18390736, 8337964, 0, 0, 0, 0, 480, 'HCJB', '2022-11-04 03:59:09'),
(1016, 18390736, 8337964, 0, 0, 0, 0, 480, 'HCJB', '2022-11-04 04:00:09'),
(1017, 18390736, 8337964, 0, 0, 0, 0, 480, 'HCJB', '2022-11-04 04:01:10'),
(1018, 18390736, 8337964, 0, 0, 0, 0, 480, 'HCJB', '2022-11-04 04:02:10'),
(1019, 18390736, 8337964, 0, 0, 0, 0, 470, 'HCJB', '2022-11-04 04:03:10'),
(1020, 18390736, 8337964, 0, 0, 0, 0, 480, 'HCJB', '2022-11-04 04:04:10'),
(1021, 18390736, 8337964, 0, 0, 0, 0, 470, 'HCJB', '2022-11-04 04:05:10'),
(1022, 18390736, 8337964, 0, 0, 0, 0, 480, 'HCJB', '2022-11-04 04:06:10'),
(1023, 18390736, 8337964, 0, 0, 0, 0, 480, 'HCJB', '2022-11-04 04:07:10'),
(1024, 18390736, 8337964, 0, 0, 0, 0, 470, 'HCJB', '2022-11-04 04:08:10'),
(1025, 18390736, 8337964, 0, 0, 0, 0, 470, 'HCJB', '2022-11-04 04:09:10'),
(1026, 18390736, 8337964, 0, 0, 0, 0, 470, 'HCJB', '2022-11-04 04:10:10'),
(1027, 18390736, 8337964, 0, 0, 0, 0, 470, 'HCJB', '2022-11-04 04:11:10'),
(1028, 18390736, 8337964, 0, 0, 0, 0, 470, 'HCJB', '2022-11-04 04:12:11'),
(1029, 18390849, 8337964, 0, 0, 0, 0, 3050, 'HCJB', '2022-11-04 04:15:09'),
(1030, 18390850, 8337964, 0, 0, 0, 0, 3050, 'HCJB', '2022-11-04 04:16:09'),
(1031, 18390852, 8337964, 0, 0, 0, 0, 3050, 'HCJB', '2022-11-04 04:17:09'),
(1032, 18390854, 8337964, 0, 0, 0, 0, 3060, 'HCJB', '2022-11-04 04:18:09'),
(1033, 18390856, 8337964, 0, 0, 0, 0, 3060, 'HCJB', '2022-11-04 04:19:09'),
(1034, 18390858, 8337964, 0, 0, 0, 0, 3070, 'HCJB', '2022-11-04 04:20:10'),
(1035, 18390860, 8337964, 0, 0, 0, 0, 3060, 'HCJB', '2022-11-04 04:21:10'),
(1036, 18390862, 8337964, 0, 0, 0, 0, 3060, 'HCJB', '2022-11-04 04:22:10'),
(1037, 18390864, 8337964, 0, 0, 0, 0, 3060, 'HCJB', '2022-11-04 04:23:10'),
(1038, 18390865, 8337964, 0, 0, 0, 0, 3020, 'HCJB', '2022-11-04 04:24:10'),
(1039, 18390868, 8337964, 0, 0, 0, 0, 3020, 'HCJB', '2022-11-04 04:25:10'),
(1040, 18390869, 8337964, 0, 0, 0, 0, 3020, 'HCJB', '2022-11-04 04:26:10'),
(1041, 18390871, 8337964, 0, 0, 0, 0, 3020, 'HCJB', '2022-11-04 04:27:10'),
(1042, 18390874, 8337964, 0, 0, 0, 0, 3030, 'HCJB', '2022-11-04 04:28:10'),
(1043, 18390875, 8337964, 0, 0, 0, 0, 3030, 'HCJB', '2022-11-04 04:29:10'),
(1044, 18391095, 8337964, 0, 0, 0, 0, 490, 'HCJB', '2022-11-04 04:32:09'),
(1045, 18391095, 8337964, 0, 0, 0, 0, 490, 'HCJB', '2022-11-04 04:33:09'),
(1046, 18391095, 8337964, 0, 0, 0, 0, 490, 'HCJB', '2022-11-04 04:34:09'),
(1047, 18391095, 8337964, 0, 0, 0, 0, 490, 'HCJB', '2022-11-04 04:35:09'),
(1048, 18391096, 8337964, 0, 0, 0, 0, 490, 'HCJB', '2022-11-04 04:36:09'),
(1049, 18391096, 8337964, 0, 0, 0, 0, 500, 'HCJB', '2022-11-04 04:37:09'),
(1050, 18391096, 8337964, 0, 0, 0, 0, 500, 'HCJB', '2022-11-04 04:38:09'),
(1051, 18391096, 8337964, 0, 0, 0, 0, 500, 'HCJB', '2022-11-04 04:39:09'),
(1052, 18391096, 8337964, 0, 0, 0, 0, 490, 'HCJB', '2022-11-04 04:40:10'),
(1053, 18391096, 8337964, 0, 0, 0, 0, 490, 'HCJB', '2022-11-04 04:41:10'),
(1054, 18391096, 8337964, 0, 0, 0, 0, 490, 'HCJB', '2022-11-04 04:42:10'),
(1055, 18391096, 8337964, 0, 0, 0, 0, 490, 'HCJB', '2022-11-04 04:43:10'),
(1056, 18391096, 8337964, 0, 0, 0, 0, 490, 'HCJB', '2022-11-04 04:44:10'),
(1057, 18391096, 8337964, 0, 0, 0, 0, 480, 'HCJB', '2022-11-04 04:45:10'),
(1058, 18391096, 8337964, 0, 0, 0, 0, 490, 'HCJB', '2022-11-04 04:46:10'),
(1059, 18391127, 8337964, 0, 0, 0, 0, 470, 'HCJB', '2022-11-04 04:49:09'),
(1060, 18391127, 8337964, 0, 0, 0, 0, 470, 'HCJB', '2022-11-04 04:50:09'),
(1061, 18391127, 8337964, 0, 0, 0, 0, 470, 'HCJB', '2022-11-04 04:51:09'),
(1062, 18391127, 8337964, 0, 0, 0, 0, 470, 'HCJB', '2022-11-04 04:52:09'),
(1063, 18391127, 8337964, 0, 0, 0, 0, 470, 'HCJB', '2022-11-04 04:53:09'),
(1064, 18391127, 8337964, 0, 0, 0, 0, 470, 'HCJB', '2022-11-04 04:54:09'),
(1065, 18391127, 8337964, 0, 0, 0, 0, 470, 'HCJB', '2022-11-04 04:55:09'),
(1066, 18391127, 8337964, 0, 0, 0, 0, 470, 'HCJB', '2022-11-04 04:56:09'),
(1067, 18391128, 8337964, 0, 0, 0, 0, 470, 'HCJB', '2022-11-04 04:57:09'),
(1068, 18391128, 8337964, 0, 0, 0, 0, 470, 'HCJB', '2022-11-04 04:58:09'),
(1069, 18391128, 8337964, 0, 0, 0, 0, 470, 'HCJB', '2022-11-04 04:59:10'),
(1070, 18391128, 8337964, 0, 0, 0, 0, 470, 'HCJB', '2022-11-04 05:00:10'),
(1071, 18391128, 8337964, 0, 0, 0, 0, 470, 'HCJB', '2022-11-04 05:01:10'),
(1072, 18391128, 8337964, 0, 0, 0, 0, 470, 'HCJB', '2022-11-04 05:02:10'),
(1073, 18391128, 8337964, 0, 0, 0, 0, 470, 'HCJB', '2022-11-04 05:03:10'),
(1074, 18391150, 8337974, 0, 0, 0, 0, 470, 'HPJB', '2022-11-04 05:06:08'),
(1075, 18391150, 8337974, 0, 0, 0, 0, 470, 'HPJB', '2022-11-04 05:07:09'),
(1076, 18391150, 8337974, 0, 0, 0, 0, 470, 'HPJB', '2022-11-04 05:08:09'),
(1077, 18391150, 8337974, 0, 0, 0, 0, 470, 'HPJB', '2022-11-04 05:09:09'),
(1078, 18391150, 8337974, 0, 0, 0, 0, 470, 'HPJB', '2022-11-04 05:10:09'),
(1079, 18391150, 8337975, 0, 0, 0, 0, 470, 'HPJB', '2022-11-04 05:11:09'),
(1080, 18391150, 8337975, 0, 0, 0, 0, 470, 'HPJB', '2022-11-04 05:12:09'),
(1081, 18391150, 8337975, 0, 0, 0, 0, 470, 'HPJB', '2022-11-04 05:13:09'),
(1082, 18391150, 8337975, 0, 0, 0, 0, 470, 'HPJB', '2022-11-04 05:14:09'),
(1083, 18391150, 8337975, 0, 0, 0, 0, 470, 'HPJB', '2022-11-04 05:15:09'),
(1084, 18391150, 8337975, 0, 0, 0, 0, 470, 'HPJB', '2022-11-04 05:16:09'),
(1085, 18391150, 8337975, 0, 0, 0, 0, 470, 'HPJB', '2022-11-04 05:17:09'),
(1086, 18391150, 8337975, 0, 0, 0, 0, 470, 'HPJB', '2022-11-04 05:18:10'),
(1087, 18391150, 8337975, 0, 0, 0, 0, 470, 'HPJB', '2022-11-04 05:19:10'),
(1088, 18391150, 8337975, 0, 0, 0, 0, 460, 'HPJB', '2022-11-04 05:20:10'),
(1089, 18391150, 8338004, 0, 0, 0, 0, 510, 'HPJB', '2022-11-04 05:23:08'),
(1090, 18391150, 8338005, 0, 0, 0, 0, 510, 'HPJB', '2022-11-04 05:24:08'),
(1091, 18391150, 8338005, 0, 0, 0, 0, 510, 'HPJB', '2022-11-04 05:25:08'),
(1092, 18391150, 8338005, 0, 0, 0, 0, 510, 'HPJB', '2022-11-04 05:26:08'),
(1093, 18391150, 8338005, 0, 0, 0, 0, 510, 'HPJB', '2022-11-04 05:27:09'),
(1094, 18391150, 8338005, 0, 0, 0, 0, 510, 'HPJB', '2022-11-04 05:28:09'),
(1095, 18391150, 8338005, 0, 0, 0, 0, 510, 'HPJB', '2022-11-04 05:29:09'),
(1096, 18391150, 8338005, 0, 0, 0, 0, 510, 'HPJB', '2022-11-04 05:30:09'),
(1097, 18391150, 8338005, 0, 0, 0, 0, 510, 'HPJB', '2022-11-04 05:31:09'),
(1098, 18391150, 8338005, 0, 0, 0, 0, 500, 'HPJB', '2022-11-04 05:32:09'),
(1099, 18391150, 8338005, 0, 0, 0, 0, 500, 'HPJB', '2022-11-04 05:33:09'),
(1100, 18391150, 8338005, 0, 0, 0, 0, 500, 'HPJB', '2022-11-04 05:34:09'),
(1101, 18391150, 8338006, 0, 0, 0, 0, 510, 'HPJB', '2022-11-04 05:35:09'),
(1102, 18391150, 8338006, 0, 0, 0, 0, 510, 'HPJB', '2022-11-04 05:36:09'),
(1103, 18391150, 8338006, 0, 0, 0, 0, 500, 'HPJB', '2022-11-04 05:37:09'),
(1104, 18391150, 8338045, 0, 0, 0, 0, 480, 'HPJB', '2022-11-04 05:40:08'),
(1105, 18391150, 8338045, 0, 0, 0, 0, 480, 'HPJB', '2022-11-04 05:41:08'),
(1106, 18391150, 8338045, 0, 0, 0, 0, 480, 'HPJB', '2022-11-04 05:42:08'),
(1107, 18391150, 8338045, 0, 0, 0, 0, 480, 'HPJB', '2022-11-04 05:43:08'),
(1108, 18391150, 8338045, 0, 0, 0, 0, 480, 'HPJB', '2022-11-04 05:44:08'),
(1109, 18391150, 8338045, 0, 0, 0, 0, 480, 'HPJB', '2022-11-04 05:45:08'),
(1110, 18391150, 8338045, 0, 0, 0, 0, 480, 'HPJB', '2022-11-04 05:46:09'),
(1111, 18391150, 8338046, 0, 0, 0, 0, 480, 'HPJB', '2022-11-04 05:47:09'),
(1112, 18391150, 8338046, 0, 0, 0, 0, 480, 'HPJB', '2022-11-04 05:48:09'),
(1113, 18391150, 8338046, 0, 0, 0, 0, 480, 'HPJB', '2022-11-04 05:49:09'),
(1114, 18391150, 8338046, 0, 0, 0, 0, 480, 'HPJB', '2022-11-04 05:50:09'),
(1115, 18391150, 8338046, 0, 0, 0, 0, 480, 'HPJB', '2022-11-04 05:51:09'),
(1116, 18391150, 8338046, 0, 0, 0, 0, 480, 'HPJB', '2022-11-04 05:52:09'),
(1117, 18391150, 8338046, 0, 0, 0, 0, 480, 'HPJB', '2022-11-04 05:53:09'),
(1118, 18391150, 8338046, 0, 0, 0, 0, 480, 'HPJB', '2022-11-04 05:54:09'),
(1119, 18391150, 8338148, 0, 0, 0, 0, 490, 'HPJB', '2022-11-04 05:57:08'),
(1120, 18391150, 8338148, 0, 0, 0, 0, 480, 'HPJB', '2022-11-04 05:58:08'),
(1121, 18391150, 8338148, 0, 0, 0, 0, 480, 'HPJB', '2022-11-04 05:59:08'),
(1122, 18391150, 8338148, 0, 0, 0, 0, 480, 'HPJB', '2022-11-04 06:00:08'),
(1123, 18391150, 8338148, 0, 0, 0, 0, 490, 'HPJB', '2022-11-04 06:01:08'),
(1124, 18391150, 8338148, 0, 0, 0, 0, 490, 'HPJB', '2022-11-04 06:02:08'),
(1125, 18391150, 8338149, 0, 0, 0, 0, 480, 'HPJB', '2022-11-04 06:03:08'),
(1126, 18391150, 8338149, 0, 0, 0, 0, 480, 'HPJB', '2022-11-04 06:04:08'),
(1127, 18391150, 8338149, 0, 0, 0, 0, 480, 'HPJB', '2022-11-04 06:05:09'),
(1128, 18391150, 8338149, 0, 0, 0, 0, 490, 'HPJB', '2022-11-04 06:06:09'),
(1129, 18391150, 8338149, 0, 0, 0, 0, 490, 'HPJB', '2022-11-04 06:07:09'),
(1130, 18391150, 8338149, 0, 0, 0, 0, 480, 'HPJB', '2022-11-04 06:08:09'),
(1131, 18391150, 8338149, 0, 0, 0, 0, 480, 'HPJB', '2022-11-04 06:09:09'),
(1132, 18391150, 8338150, 0, 0, 0, 0, 480, 'HPJB', '2022-11-04 06:10:09'),
(1133, 18391150, 8338150, 0, 0, 0, 0, 490, 'HPJB', '2022-11-04 06:11:09'),
(1134, 18391150, 8338190, 0, 0, 0, 0, 460, 'HPJB', '2022-11-04 06:14:10'),
(1135, 18391150, 8338190, 0, 0, 0, 0, 460, 'HPJB', '2022-11-04 06:15:10'),
(1136, 18391150, 8338190, 0, 0, 0, 0, 460, 'HPJB', '2022-11-04 06:16:10'),
(1137, 18391150, 8338190, 0, 0, 0, 0, 460, 'HPJB', '2022-11-04 06:17:10'),
(1138, 18391150, 8338190, 0, 0, 0, 0, 460, 'HPJB', '2022-11-04 06:18:10'),
(1139, 18391150, 8338190, 0, 0, 0, 0, 460, 'HPJB', '2022-11-04 06:19:10'),
(1140, 18391150, 8338190, 0, 0, 0, 0, 460, 'HPJB', '2022-11-04 06:20:10'),
(1141, 18391150, 8338190, 0, 0, 0, 0, 460, 'HPJB', '2022-11-04 06:21:11'),
(1142, 18391150, 8338190, 0, 0, 0, 0, 460, 'HPJB', '2022-11-04 06:22:11'),
(1143, 18391150, 8338190, 0, 0, 0, 0, 460, 'HPJB', '2022-11-04 06:23:11'),
(1144, 18391150, 8338191, 0, 0, 0, 0, 460, 'HPJB', '2022-11-04 06:24:11'),
(1145, 18391150, 8338191, 0, 0, 0, 0, 460, 'HPJB', '2022-11-04 06:25:11'),
(1146, 18391150, 8338191, 0, 0, 0, 0, 460, 'HPJB', '2022-11-04 06:26:11'),
(1147, 18391150, 8338191, 0, 0, 0, 0, 460, 'HPJB', '2022-11-04 06:27:11'),
(1148, 18391150, 8338191, 0, 0, 0, 0, 460, 'HPJB', '2022-11-04 06:28:11'),
(1149, 18391150, 8338252, 0, 0, 0, 0, 680, 'HPJB', '2022-11-04 06:31:10'),
(1150, 18391150, 8338252, 0, 0, 0, 0, 680, 'HPJB', '2022-11-04 06:32:10'),
(1151, 18391150, 8338253, 0, 0, 0, 0, 680, 'HPJB', '2022-11-04 06:33:10'),
(1152, 18391150, 8338253, 0, 0, 0, 0, 680, 'HPJB', '2022-11-04 06:34:10'),
(1153, 18391150, 8338253, 0, 0, 0, 0, 680, 'HPJB', '2022-11-04 06:35:10'),
(1154, 18391150, 8338253, 0, 0, 0, 0, 680, 'HPJB', '2022-11-04 06:36:10'),
(1155, 18391150, 8338253, 0, 0, 0, 0, 680, 'HPJB', '2022-11-04 06:37:10'),
(1156, 18391150, 8338253, 0, 0, 0, 0, 680, 'HPJB', '2022-11-04 06:38:10'),
(1157, 18391150, 8338254, 0, 0, 0, 0, 680, 'HPJB', '2022-11-04 06:39:10'),
(1158, 18391150, 8338254, 0, 0, 0, 0, 680, 'HPJB', '2022-11-04 06:40:10'),
(1159, 18391150, 8338254, 0, 0, 0, 0, 680, 'HPJB', '2022-11-04 06:41:11'),
(1160, 18391150, 8338254, 0, 0, 0, 0, 680, 'HPJB', '2022-11-04 06:42:11'),
(1161, 18391150, 8338254, 0, 0, 0, 0, 680, 'HPJB', '2022-11-04 06:43:11'),
(1162, 18391150, 8338254, 0, 0, 0, 0, 680, 'HPJB', '2022-11-04 06:44:11'),
(1163, 18391150, 8338255, 0, 0, 0, 0, 680, 'HPJB', '2022-11-04 06:45:11'),
(1164, 18391150, 8338291, 0, 0, 0, 0, 110, 'HPJB', '2022-11-04 06:48:09'),
(1165, 18391150, 8338291, 0, 0, 0, 0, 110, 'HPJB', '2022-11-04 06:49:10'),
(1166, 18391150, 8338291, 0, 0, 0, 0, 110, 'HPJB', '2022-11-04 06:50:10'),
(1167, 18391150, 8338291, 0, 0, 0, 0, 110, 'HPJB', '2022-11-04 06:51:10'),
(1168, 18391150, 8338291, 0, 0, 0, 0, 120, 'HPJB', '2022-11-04 06:52:10'),
(1169, 18391150, 8338291, 0, 0, 0, 0, 120, 'HPJB', '2022-11-04 06:53:10'),
(1170, 18391150, 8338291, 0, 0, 0, 0, 120, 'HPJB', '2022-11-04 06:54:10'),
(1171, 18391150, 8338291, 0, 0, 0, 0, 120, 'HPJB', '2022-11-04 06:55:10'),
(1172, 18391150, 8338292, 0, 0, 0, 0, 120, 'HPJB', '2022-11-04 06:56:10'),
(1173, 18391150, 8338292, 0, 0, 0, 0, 110, 'HPJB', '2022-11-04 06:57:10'),
(1174, 18391150, 8338292, 0, 0, 0, 0, 110, 'HPJB', '2022-11-04 06:58:10'),
(1175, 18391150, 8338292, 0, 0, 0, 0, 110, 'HPJB', '2022-11-04 06:59:10'),
(1176, 18391150, 8338292, 0, 0, 0, 0, 110, 'HPJB', '2022-11-04 07:00:11'),
(1177, 18391150, 8338292, 0, 0, 0, 0, 110, 'HPJB', '2022-11-04 07:01:11'),
(1178, 18391150, 8338292, 0, 0, 0, 0, 110, 'HPJB', '2022-11-04 07:02:11'),
(1179, 18391150, 8338321, 0, 0, 0, 0, 110, 'HPJB', '2022-11-04 07:05:09'),
(1180, 18391150, 8338321, 0, 0, 0, 0, 100, 'HPJB', '2022-11-04 07:06:09'),
(1181, 18391150, 8338321, 0, 0, 0, 0, 100, 'HPJB', '2022-11-04 07:07:09'),
(1182, 18391150, 8338321, 0, 0, 0, 0, 100, 'HPJB', '2022-11-04 07:08:10'),
(1183, 18391150, 8338321, 0, 0, 0, 0, 100, 'HPJB', '2022-11-04 07:09:10'),
(1184, 18391150, 8338321, 0, 0, 0, 0, 100, 'HPJB', '2022-11-04 07:10:10'),
(1185, 18391150, 8338321, 0, 0, 0, 0, 100, 'HPJB', '2022-11-04 07:11:10'),
(1186, 18391150, 8338321, 0, 0, 0, 0, 100, 'HPJB', '2022-11-04 07:12:10'),
(1187, 18391150, 8338321, 0, 0, 0, 0, 100, 'HPJB', '2022-11-04 07:13:10'),
(1188, 18391150, 8338321, 0, 0, 0, 0, 100, 'HPJB', '2022-11-04 07:14:10'),
(1189, 18391150, 8338321, 0, 0, 0, 0, 100, 'HPJB', '2022-11-04 07:15:10'),
(1190, 18391150, 8338322, 0, 0, 0, 0, 100, 'HPJB', '2022-11-04 07:16:10'),
(1191, 18391150, 8338322, 0, 0, 0, 0, 100, 'HPJB', '2022-11-04 07:17:10'),
(1192, 18391150, 8338322, 0, 0, 0, 0, 100, 'HPJB', '2022-11-04 07:18:10'),
(1193, 18391150, 8338322, 0, 0, 0, 0, 100, 'HPJB', '2022-11-04 07:19:11'),
(1194, 18391150, 8338347, 0, 0, 0, 0, 100, 'HPJB', '2022-11-04 07:22:09'),
(1195, 18391150, 8338347, 0, 0, 0, 0, 100, 'HPJB', '2022-11-04 07:23:09'),
(1196, 18391150, 8338347, 0, 0, 0, 0, 100, 'HPJB', '2022-11-04 07:24:09'),
(1197, 18391150, 8338347, 0, 0, 0, 0, 100, 'HPJB', '2022-11-04 07:25:09'),
(1198, 18391150, 8338347, 0, 0, 0, 0, 100, 'HPJB', '2022-11-04 07:26:09'),
(1199, 18391150, 8338347, 0, 0, 0, 0, 100, 'HPJB', '2022-11-04 07:27:09'),
(1200, 18391150, 8338347, 0, 0, 0, 0, 100, 'HPJB', '2022-11-04 07:28:10'),
(1201, 18391150, 8338347, 0, 0, 0, 0, 100, 'HPJB', '2022-11-04 07:29:10'),
(1202, 18391150, 8338347, 0, 0, 0, 0, 100, 'HPJB', '2022-11-04 07:30:10'),
(1203, 18391150, 8338347, 0, 0, 0, 0, 100, 'HPJB', '2022-11-04 07:31:10'),
(1204, 18391150, 8338347, 0, 0, 0, 0, 100, 'HPJB', '2022-11-04 07:32:10'),
(1205, 18391150, 8338347, 0, 0, 0, 0, 100, 'HPJB', '2022-11-04 07:33:10'),
(1206, 18391150, 8338347, 0, 0, 0, 0, 100, 'HPJB', '2022-11-04 07:34:10'),
(1207, 18391150, 8338347, 0, 0, 0, 0, 100, 'HPJB', '2022-11-04 07:35:10'),
(1208, 18391150, 8338347, 0, 0, 0, 0, 100, 'HPJB', '2022-11-04 07:36:10'),
(1209, 18391150, 8338372, 0, 0, 0, 0, 100, 'HPJB', '2022-11-04 07:39:09'),
(1210, 18391150, 8338372, 0, 0, 0, 0, 90, 'HPJB', '2022-11-04 07:40:09'),
(1211, 18391150, 8338372, 0, 0, 0, 0, 90, 'HPJB', '2022-11-04 07:41:09'),
(1212, 18391150, 8338372, 0, 0, 0, 0, 90, 'HPJB', '2022-11-04 07:42:09'),
(1213, 18391150, 8338373, 0, 0, 0, 0, 90, 'HPJB', '2022-11-04 07:43:09'),
(1214, 18391150, 8338373, 0, 0, 0, 0, 90, 'HPJB', '2022-11-04 07:44:09'),
(1215, 18391150, 8338373, 0, 0, 0, 0, 90, 'HPJB', '2022-11-04 07:45:09'),
(1216, 18391150, 8338373, 0, 0, 0, 0, 90, 'HPJB', '2022-11-04 07:46:09'),
(1217, 18391150, 8338373, 0, 0, 0, 0, 100, 'HPJB', '2022-11-04 07:47:10'),
(1218, 18391150, 8338373, 0, 0, 0, 0, 90, 'HPJB', '2022-11-04 07:48:10'),
(1219, 18391150, 8338373, 0, 0, 0, 0, 90, 'HPJB', '2022-11-04 07:49:10'),
(1220, 18391150, 8338373, 0, 0, 0, 0, 90, 'HPJB', '2022-11-04 07:50:10'),
(1221, 18391150, 8338373, 0, 0, 0, 0, 90, 'HPJB', '2022-11-04 07:51:10'),
(1222, 18391150, 8338373, 0, 0, 0, 0, 90, 'HPJB', '2022-11-04 07:52:10'),
(1223, 18391150, 8338373, 0, 0, 0, 0, 90, 'HPJB', '2022-11-04 07:53:10'),
(1224, 18391150, 8338397, 0, 0, 0, 0, 100, 'HPJB', '2022-11-04 07:56:09'),
(1225, 18391150, 8338398, 0, 0, 0, 0, 100, 'HPJB', '2022-11-04 07:57:09'),
(1226, 18391150, 8338398, 0, 0, 0, 0, 100, 'HPJB', '2022-11-04 07:58:09'),
(1227, 18391150, 8338398, 0, 0, 0, 0, 100, 'HPJB', '2022-11-04 07:59:09'),
(1228, 18391150, 8338398, 0, 0, 0, 0, 100, 'HPJB', '2022-11-04 08:00:09'),
(1229, 18391150, 8338398, 0, 0, 0, 0, 100, 'HPJB', '2022-11-04 08:01:09'),
(1230, 18391150, 8338398, 0, 0, 0, 0, 100, 'HPJB', '2022-11-04 08:02:09'),
(1231, 18391150, 8338398, 0, 0, 0, 0, 100, 'HPJB', '2022-11-04 08:03:09'),
(1232, 18391150, 8338398, 0, 0, 0, 0, 100, 'HPJB', '2022-11-04 08:04:09'),
(1233, 18391150, 8338398, 0, 0, 0, 0, 100, 'HPJB', '2022-11-04 08:05:09'),
(1234, 18391150, 8338398, 0, 0, 0, 0, 100, 'HPJB', '2022-11-04 08:06:09'),
(1235, 18391150, 8338398, 0, 0, 0, 0, 100, 'HPJB', '2022-11-04 08:07:10'),
(1236, 18391150, 8338398, 0, 0, 0, 0, 100, 'HPJB', '2022-11-04 08:08:10'),
(1237, 18391150, 8338398, 0, 0, 0, 0, 100, 'HPJB', '2022-11-04 08:09:10'),
(1238, 18391150, 8338398, 0, 0, 0, 0, 100, 'HPJB', '2022-11-04 08:10:10'),
(1239, 18391150, 8338423, 0, 0, 0, 0, 100, 'HPJB', '2022-11-04 08:13:08'),
(1240, 18391150, 8338423, 0, 0, 0, 0, 100, 'HPJB', '2022-11-04 08:14:08'),
(1241, 18391150, 8338423, 0, 0, 0, 0, 100, 'HPJB', '2022-11-04 08:15:09'),
(1242, 18391150, 8338423, 0, 0, 0, 0, 100, 'HPJB', '2022-11-04 08:16:09'),
(1243, 18391150, 8338423, 0, 0, 0, 0, 100, 'HPJB', '2022-11-04 08:17:09'),
(1244, 18391150, 8338423, 0, 0, 0, 0, 100, 'HPJB', '2022-11-04 08:18:09'),
(1245, 18391150, 8338423, 0, 0, 0, 0, 100, 'HPJB', '2022-11-04 08:19:09'),
(1246, 18391150, 8338423, 0, 0, 0, 0, 100, 'HPJB', '2022-11-04 08:20:09'),
(1247, 18391150, 8338424, 0, 0, 0, 0, 100, 'HPJB', '2022-11-04 08:21:09'),
(1248, 18391150, 8338424, 0, 0, 0, 0, 100, 'HPJB', '2022-11-04 08:22:09'),
(1249, 18391150, 8338424, 0, 0, 0, 0, 100, 'HPJB', '2022-11-04 08:23:09'),
(1250, 18391150, 8338424, 0, 0, 0, 0, 100, 'HPJB', '2022-11-04 08:24:09'),
(1251, 18391150, 8338424, 0, 0, 0, 0, 100, 'HPJB', '2022-11-04 08:25:09'),
(1252, 18391150, 8338424, 0, 0, 0, 0, 90, 'HPJB', '2022-11-04 08:26:10'),
(1253, 18391150, 8338424, 0, 0, 0, 0, 90, 'HPJB', '2022-11-04 08:27:10'),
(1254, 18391150, 8338448, 0, 0, 0, 0, 90, 'HPJB', '2022-11-04 08:30:08'),
(1255, 18391150, 8338448, 0, 0, 0, 0, 90, 'HPJB', '2022-11-04 08:31:08'),
(1256, 18391150, 8338448, 0, 0, 0, 0, 90, 'HPJB', '2022-11-04 08:32:08'),
(1257, 18391150, 8338449, 0, 0, 0, 0, 90, 'HPJB', '2022-11-04 08:33:08'),
(1258, 18391150, 8338449, 0, 0, 0, 0, 90, 'HPJB', '2022-11-04 08:34:08'),
(1259, 18391150, 8338449, 0, 0, 0, 0, 90, 'HPJB', '2022-11-04 08:35:09'),
(1260, 18391150, 8338449, 0, 0, 0, 0, 90, 'HPJB', '2022-11-04 08:36:09'),
(1261, 18391150, 8338449, 0, 0, 0, 0, 90, 'HPJB', '2022-11-04 08:37:09'),
(1262, 18391150, 8338449, 0, 0, 0, 0, 90, 'HPJB', '2022-11-04 08:38:09'),
(1263, 18391150, 8338449, 0, 0, 0, 0, 90, 'HPJB', '2022-11-04 08:39:09'),
(1264, 18391150, 8338449, 0, 0, 0, 0, 90, 'HPJB', '2022-11-04 08:40:09'),
(1265, 18391150, 8338449, 0, 0, 0, 0, 90, 'HPJB', '2022-11-04 08:41:09'),
(1266, 18391150, 8338449, 0, 0, 0, 0, 90, 'HPJB', '2022-11-04 08:42:09'),
(1267, 18391150, 8338449, 0, 0, 0, 0, 90, 'HPJB', '2022-11-04 08:43:09'),
(1268, 18391150, 8338449, 0, 0, 0, 0, 90, 'HPJB', '2022-11-04 08:44:09'),
(1269, 18391150, 8338473, 0, 0, 0, 0, 90, 'HPJB', '2022-11-04 08:47:08'),
(1270, 18391150, 8338473, 0, 0, 0, 0, 90, 'HPJB', '2022-11-04 08:48:08'),
(1271, 18391150, 8338473, 0, 0, 0, 0, 90, 'HPJB', '2022-11-04 08:49:08'),
(1272, 18391150, 8338473, 0, 0, 0, 0, 90, 'HPJB', '2022-11-04 08:50:08'),
(1273, 18391150, 8338473, 0, 0, 0, 0, 90, 'HPJB', '2022-11-04 08:51:08'),
(1274, 18391150, 8338473, 0, 0, 0, 0, 90, 'HPJB', '2022-11-04 08:52:08'),
(1275, 18391150, 8338473, 0, 0, 0, 0, 90, 'HPJB', '2022-11-04 08:53:08'),
(1276, 18391150, 8338473, 0, 0, 0, 0, 90, 'HPJB', '2022-11-04 08:54:09'),
(1277, 18391150, 8338473, 0, 0, 0, 0, 90, 'HPJB', '2022-11-04 08:55:09'),
(1278, 18391150, 8338473, 0, 0, 0, 0, 90, 'HPJB', '2022-11-04 08:56:09'),
(1279, 18391150, 8338473, 0, 0, 0, 0, 90, 'HPJB', '2022-11-04 08:57:09'),
(1280, 18391150, 8338473, 0, 0, 0, 0, 90, 'HPJB', '2022-11-04 08:58:09'),
(1281, 18391150, 8338473, 0, 0, 0, 0, 90, 'HPJB', '2022-11-04 08:59:09'),
(1282, 18391150, 8338474, 0, 0, 0, 0, 90, 'HPJB', '2022-11-04 09:00:09'),
(1283, 18391150, 8338474, 0, 0, 0, 0, 90, 'HPJB', '2022-11-04 09:01:09'),
(1284, 18391150, 8338498, 0, 0, 0, 0, 100, 'HPJB', '2022-11-04 09:04:08'),
(1285, 18391150, 8338498, 0, 0, 0, 0, 90, 'HPJB', '2022-11-04 09:05:08'),
(1286, 18391150, 8338498, 0, 0, 0, 0, 90, 'HPJB', '2022-11-04 09:06:08'),
(1287, 18391150, 8338498, 0, 0, 0, 0, 90, 'HPJB', '2022-11-04 09:07:08'),
(1288, 18391150, 8338498, 0, 0, 0, 0, 90, 'HPJB', '2022-11-04 09:08:08'),
(1289, 18391150, 8338498, 0, 0, 0, 0, 90, 'HPJB', '2022-11-04 09:09:08'),
(1290, 18391150, 8338498, 0, 0, 0, 0, 90, 'HPJB', '2022-11-04 09:10:08'),
(1291, 18391150, 8338498, 0, 0, 0, 0, 90, 'HPJB', '2022-11-04 09:11:08'),
(1292, 18391150, 8338498, 0, 0, 0, 0, 100, 'HPJB', '2022-11-04 09:12:08'),
(1293, 18391150, 8338498, 0, 0, 0, 0, 100, 'HPJB', '2022-11-04 09:13:09'),
(1294, 18391150, 8338498, 0, 0, 0, 0, 100, 'HPJB', '2022-11-04 09:14:09'),
(1295, 18391150, 8338498, 0, 0, 0, 0, 90, 'HPJB', '2022-11-04 09:15:09'),
(1296, 18391150, 8338498, 0, 0, 0, 0, 90, 'HPJB', '2022-11-04 09:16:09'),
(1297, 18391150, 8338498, 0, 0, 0, 0, 90, 'HPJB', '2022-11-04 09:17:09'),
(1298, 18391150, 8338498, 0, 0, 0, 0, 90, 'HPJB', '2022-11-04 09:18:09'),
(1299, 18391150, 8338523, 0, 0, 0, 0, 100, 'HPJB', '2022-11-04 09:21:10'),
(1300, 18391150, 8338523, 0, 0, 0, 0, 100, 'HPJB', '2022-11-04 09:22:10'),
(1301, 18391150, 8338523, 0, 0, 0, 0, 100, 'HPJB', '2022-11-04 09:23:10'),
(1302, 18391150, 8338523, 0, 0, 0, 0, 90, 'HPJB', '2022-11-04 09:24:10'),
(1303, 18391150, 8338523, 0, 0, 0, 0, 90, 'HPJB', '2022-11-04 09:25:10'),
(1304, 18391150, 8338523, 0, 0, 0, 0, 90, 'HPJB', '2022-11-04 09:26:10'),
(1305, 18391150, 8338523, 0, 0, 0, 0, 90, 'HPJB', '2022-11-04 09:27:10'),
(1306, 18391150, 8338523, 0, 0, 0, 0, 90, 'HPJB', '2022-11-04 09:28:10'),
(1307, 18391150, 8338523, 0, 0, 0, 0, 90, 'HPJB', '2022-11-04 09:29:10'),
(1308, 18391150, 8338523, 0, 0, 0, 0, 90, 'HPJB', '2022-11-04 09:30:11'),
(1309, 18391150, 8338523, 0, 0, 0, 0, 90, 'HPJB', '2022-11-04 09:31:11'),
(1310, 18391150, 8338523, 0, 0, 0, 0, 90, 'HPJB', '2022-11-04 09:32:11'),
(1311, 18391150, 8338523, 0, 0, 0, 0, 90, 'HPJB', '2022-11-04 09:33:11'),
(1312, 18391150, 8338523, 0, 0, 0, 0, 90, 'HPJB', '2022-11-04 09:34:11'),
(1313, 18391150, 8338523, 0, 0, 0, 0, 90, 'HPJB', '2022-11-04 09:35:11'),
(1314, 18391150, 8338547, 0, 0, 0, 0, 100, 'HPJB', '2022-11-04 09:38:07'),
(1315, 18391150, 8338548, 0, 0, 0, 0, 100, 'HPJB', '2022-11-04 09:39:07'),
(1316, 18391150, 8338548, 0, 0, 0, 0, 100, 'HPJB', '2022-11-04 09:40:07'),
(1317, 18391150, 8338548, 0, 0, 0, 0, 90, 'HPJB', '2022-11-04 09:41:08'),
(1318, 18391150, 8338548, 0, 0, 0, 0, 90, 'HPJB', '2022-11-04 09:42:08'),
(1319, 18391150, 8338548, 0, 0, 0, 0, 90, 'HPJB', '2022-11-04 09:43:08'),
(1320, 18391150, 8338548, 0, 0, 0, 0, 90, 'HPJB', '2022-11-04 09:44:08'),
(1321, 18391150, 8338548, 0, 0, 0, 0, 90, 'HPJB', '2022-11-04 09:45:08'),
(1322, 18391150, 8338548, 0, 0, 0, 0, 90, 'HPJB', '2022-11-04 09:46:08'),
(1323, 18391150, 8338548, 0, 0, 0, 0, 90, 'HPJB', '2022-11-04 09:47:08'),
(1324, 18391150, 8338548, 0, 0, 0, 0, 90, 'HPJB', '2022-11-04 09:48:08'),
(1325, 18391150, 8338548, 0, 0, 0, 0, 100, 'HPJB', '2022-11-04 09:49:08'),
(1326, 18391150, 8338548, 0, 0, 0, 0, 100, 'HPJB', '2022-11-04 09:50:08'),
(1327, 18391150, 8338548, 0, 0, 0, 0, 100, 'HPJB', '2022-11-04 09:51:08'),
(1328, 18391150, 8338548, 0, 0, 0, 0, 100, 'HPJB', '2022-11-04 09:52:09'),
(1329, 18391150, 8338572, 0, 0, 0, 0, 100, 'HPJB', '2022-11-04 09:55:09'),
(1330, 18391150, 8338572, 0, 0, 0, 0, 100, 'HPJB', '2022-11-04 09:56:09'),
(1331, 18391150, 8338572, 0, 0, 0, 0, 100, 'HPJB', '2022-11-04 09:57:10'),
(1332, 18391150, 8338573, 0, 0, 0, 0, 100, 'HPJB', '2022-11-04 09:58:10'),
(1333, 18391150, 8338573, 0, 0, 0, 0, 90, 'HPJB', '2022-11-04 09:59:10'),
(1334, 18391150, 8338573, 0, 0, 0, 0, 100, 'HPJB', '2022-11-04 10:00:10'),
(1335, 18391150, 8338573, 0, 0, 0, 0, 100, 'HPJB', '2022-11-04 10:01:10'),
(1336, 18391150, 8338573, 0, 0, 0, 0, 100, 'HPJB', '2022-11-04 10:02:10'),
(1337, 18391150, 8338573, 0, 0, 0, 0, 100, 'HPJB', '2022-11-04 10:03:10'),
(1338, 18391150, 8338573, 0, 0, 0, 0, 90, 'HPJB', '2022-11-04 10:04:10'),
(1339, 18391150, 8338573, 0, 0, 0, 0, 90, 'HPJB', '2022-11-04 10:05:10'),
(1340, 18391150, 8338573, 0, 0, 0, 0, 100, 'HPJB', '2022-11-04 10:06:10'),
(1341, 18391150, 8338573, 0, 0, 0, 0, 90, 'HPJB', '2022-11-04 10:07:10'),
(1342, 18391150, 8338573, 0, 0, 0, 0, 90, 'HPJB', '2022-11-04 10:08:11'),
(1343, 18391150, 8338573, 0, 0, 0, 0, 90, 'HPJB', '2022-11-04 10:09:11'),
(1344, 18391150, 8338597, 0, 0, 0, 0, 90, 'HPJB', '2022-11-04 10:12:09'),
(1345, 18391150, 8338597, 0, 0, 0, 0, 90, 'HPJB', '2022-11-04 10:13:09'),
(1346, 18391150, 8338597, 0, 0, 0, 0, 90, 'HPJB', '2022-11-04 10:14:09'),
(1347, 18391150, 8338597, 0, 0, 0, 0, 90, 'HPJB', '2022-11-04 10:15:09'),
(1348, 18391150, 8338598, 0, 0, 0, 0, 90, 'HPJB', '2022-11-04 10:16:09'),
(1349, 18391150, 8338598, 0, 0, 0, 0, 90, 'HPJB', '2022-11-04 10:17:10'),
(1350, 18391150, 8338598, 0, 0, 0, 0, 90, 'HPJB', '2022-11-04 10:18:10'),
(1351, 18391150, 8338598, 0, 0, 0, 0, 90, 'HPJB', '2022-11-04 10:19:10'),
(1352, 18391150, 8338598, 0, 0, 0, 0, 90, 'HPJB', '2022-11-04 10:20:10'),
(1353, 18391150, 8338598, 0, 0, 0, 0, 90, 'HPJB', '2022-11-04 10:21:10'),
(1354, 18391150, 8338598, 0, 0, 0, 0, 90, 'HPJB', '2022-11-04 10:22:10'),
(1355, 18391150, 8338598, 0, 0, 0, 0, 90, 'HPJB', '2022-11-04 10:23:10'),
(1356, 18391150, 8338598, 0, 0, 0, 0, 90, 'HPJB', '2022-11-04 10:24:10'),
(1357, 18391150, 8338598, 0, 0, 0, 0, 90, 'HPJB', '2022-11-04 10:25:10'),
(1358, 18391150, 8338598, 0, 0, 0, 0, 90, 'HPJB', '2022-11-04 10:26:10'),
(1359, 18391150, 8338623, 0, 0, 0, 0, 100, 'HPJB', '2022-11-04 10:29:09'),
(1360, 18391150, 8338623, 0, 0, 0, 0, 100, 'HPJB', '2022-11-04 10:30:09'),
(1361, 18391150, 8338623, 0, 0, 0, 0, 100, 'HPJB', '2022-11-04 10:31:09'),
(1362, 18391150, 8338623, 0, 0, 0, 0, 100, 'HPJB', '2022-11-04 10:32:09'),
(1363, 18391150, 8338624, 0, 0, 0, 0, 100, 'HPJB', '2022-11-04 10:33:09'),
(1364, 18391150, 8338624, 0, 0, 0, 0, 100, 'HPJB', '2022-11-04 10:34:09'),
(1365, 18391150, 8338624, 0, 0, 0, 0, 100, 'HPJB', '2022-11-04 10:35:09'),
(1366, 18391150, 8338624, 0, 0, 0, 0, 100, 'HPJB', '2022-11-04 10:36:10'),
(1367, 18391150, 8338624, 0, 0, 0, 0, 100, 'HPJB', '2022-11-04 10:37:10'),
(1368, 18391150, 8338624, 0, 0, 0, 0, 100, 'HPJB', '2022-11-04 10:38:10'),
(1369, 18391150, 8338624, 0, 0, 0, 0, 100, 'HPJB', '2022-11-04 10:39:10'),
(1370, 18391150, 8338624, 0, 0, 0, 0, 100, 'HPJB', '2022-11-04 10:40:10'),
(1371, 18391150, 8338624, 0, 0, 0, 0, 100, 'HPJB', '2022-11-04 10:41:10'),
(1372, 18391150, 8338624, 0, 0, 0, 0, 100, 'HPJB', '2022-11-04 10:42:10'),
(1373, 18391150, 8338624, 0, 0, 0, 0, 100, 'HPJB', '2022-11-04 10:43:10'),
(1374, 18391150, 8338649, 0, 0, 0, 0, 90, 'HPJB', '2022-11-04 10:46:09'),
(1375, 18391150, 8338649, 0, 0, 0, 0, 90, 'HPJB', '2022-11-04 10:47:09'),
(1376, 18391150, 8338649, 0, 0, 0, 0, 90, 'HPJB', '2022-11-04 10:48:09'),
(1377, 18391150, 8338649, 0, 0, 0, 0, 90, 'HPJB', '2022-11-04 10:49:09'),
(1378, 18391150, 8338649, 0, 0, 0, 0, 90, 'HPJB', '2022-11-04 10:50:09'),
(1379, 18391150, 8338649, 0, 0, 0, 0, 90, 'HPJB', '2022-11-04 10:51:09'),
(1380, 18391150, 8338649, 0, 0, 0, 0, 90, 'HPJB', '2022-11-04 10:52:09'),
(1381, 18391150, 8338649, 0, 0, 0, 0, 90, 'HPJB', '2022-11-04 10:53:09'),
(1382, 18391150, 8338649, 0, 0, 0, 0, 90, 'HPJB', '2022-11-04 10:54:09');
